HIEROBJ  EWORLD                                             NONE                
ROOT                                                                            
1.0000000000000E+00 0.000000000000E+00  0.000000000000E+00  0.000000000000E+00  
0.000000000000E+00  1.0000000000000E+00 0.000000000000E+00  0.000000000000E+00  
0.000000000000E+00  0.000000000000E+00  1.0000000000000E+00 0.000000000000E+00  
0.000000000000E+00  0.000000000000E+00  0.000000000000E+00  1.0000000000000E+00 
HIEROBJ  EHIEROBJECT1                                       NONE                
BODYNCBF  WORLD                                   BODY1                         
1.0000000000000E+00 0.000000000000E+00  0.000000000000E+00  0.000000000000E+00  
0.000000000000E+00  1.0000000000000E+00 0.000000000000E+00  0.000000000000E+00  
0.000000000000E+00  0.000000000000E+00  1.0000000000000E+00 0.000000000000E+00  
0.000000000000E+00  0.000000000000E+00  0.000000000000E+00  1.0000000000000E+00 
HIEROBJ  EHIEROBJECT2                                       NONE                
CGTRIAD   HIEROBJECT1                                                           
-3.592006400003E-04 -1.710160956491E-03 9.9999847316104E-01 0.000000000000E+00  
9.9999993544635E-01 8.4522863768815E-06 3.5921562004712E-04 0.000000000000E+00  
-9.066589999968E-06 9.9999853763796E-01 1.7101578100274E-03 0.000000000000E+00  
2.8688071000000E-01 3.2340025540000E+01 2.1135668030000E+02 1.0000000000000E+00 
HIEROBJ  EHIEROBJECT3                                       NONE                
BODYNCBF  WORLD                                   BODY2                         
1.0000000000000E+00 0.000000000000E+00  0.000000000000E+00  0.000000000000E+00  
0.000000000000E+00  1.0000000000000E+00 0.000000000000E+00  0.000000000000E+00  
0.000000000000E+00  0.000000000000E+00  1.0000000000000E+00 0.000000000000E+00  
0.000000000000E+00  0.000000000000E+00  0.000000000000E+00  1.0000000000000E+00 
HIEROBJ  EHIEROBJECT4                                       NONE                
CGTRIAD   HIEROBJECT3                                                           
7.6133621599815E-01 6.4835728283842E-01 0.000000000000E+00  0.000000000000E+00  
0.000000000000E+00  0.000000000000E+00  1.0000000000000E+00 0.000000000000E+00  
6.4835728283842E-01 -7.613362159982E-01 0.000000000000E+00  0.000000000000E+00  
-4.695357848000E+01 1.0191889742000E+02 2.1128386673000E+02 1.0000000000000E+00 
HIEROBJ  EHIEROBJECT5                                       NONE                
BODYNCBF  WORLD                                   BODY3                         
1.0000000000000E+00 0.000000000000E+00  0.000000000000E+00  0.000000000000E+00  
0.000000000000E+00  1.0000000000000E+00 0.000000000000E+00  0.000000000000E+00  
0.000000000000E+00  0.000000000000E+00  1.0000000000000E+00 0.000000000000E+00  
0.000000000000E+00  0.000000000000E+00  0.000000000000E+00  1.0000000000000E+00 
HIEROBJ  EHIEROBJECT6                                       NONE                
CGTRIAD   HIEROBJECT5                                                           
0.000000000000E+00  0.000000000000E+00  1.0000000000000E+00 0.000000000000E+00  
-1.350376794997E-01 9.9084046400787E-01 0.000000000000E+00  0.000000000000E+00  
-9.908404640079E-01 -1.350376794997E-01 0.000000000000E+00  0.000000000000E+00  
-5.264277784000E+01 5.3767039420000E+01 2.1133387179000E+02 1.0000000000000E+00 
HIEROBJ  EHIEROBJECT7                                       NONE                
BODYNCBF  WORLD                                   BODY4                         
1.0000000000000E+00 0.000000000000E+00  0.000000000000E+00  0.000000000000E+00  
0.000000000000E+00  1.0000000000000E+00 0.000000000000E+00  0.000000000000E+00  
0.000000000000E+00  0.000000000000E+00  1.0000000000000E+00 0.000000000000E+00  
0.000000000000E+00  0.000000000000E+00  0.000000000000E+00  1.0000000000000E+00 
HIEROBJ  EHIEROBJECT8                                       NONE                
CGTRIAD   HIEROBJECT7                                                           
8.9456223528271E-01 4.4694336819295E-01 1.8120252001693E-04 0.000000000000E+00  
-2.458133375205E-04 8.6572075043097E-05 9.9999996604054E-01 0.000000000000E+00  
4.4694333732791E-01 -8.945622494459E-01 1.8730874998176E-04 0.000000000000E+00  
-7.565222978000E+01 8.5750986620000E+01 2.1133693604000E+02 1.0000000000000E+00 
HIEROBJ  EHIEROBJECT9                                       NONE                
BODYNCBF  WORLD                                   BODY5                         
1.0000000000000E+00 0.000000000000E+00  0.000000000000E+00  0.000000000000E+00  
0.000000000000E+00  1.0000000000000E+00 0.000000000000E+00  0.000000000000E+00  
0.000000000000E+00  0.000000000000E+00  1.0000000000000E+00 0.000000000000E+00  
0.000000000000E+00  0.000000000000E+00  0.000000000000E+00  1.0000000000000E+00 
HIEROBJ  EHIEROBJECT10                                      NONE                
CGTRIAD   HIEROBJECT9                                                           
0.000000000000E+00  0.000000000000E+00  1.0000000000000E+00 0.000000000000E+00  
9.7297350378152E-01 -2.309167835804E-01 0.000000000000E+00  0.000000000000E+00  
2.3091678358037E-01 9.7297350378152E-01 0.000000000000E+00  0.000000000000E+00  
-7.914540575000E+01 1.5741704358000E+02 2.1133387295000E+02 1.0000000000000E+00 
HIEROBJ  EHIEROBJECT11                                      NONE                
BODYNCBF  WORLD                                   BODY6                         
1.0000000000000E+00 0.000000000000E+00  0.000000000000E+00  0.000000000000E+00  
0.000000000000E+00  1.0000000000000E+00 0.000000000000E+00  0.000000000000E+00  
0.000000000000E+00  0.000000000000E+00  1.0000000000000E+00 0.000000000000E+00  
0.000000000000E+00  0.000000000000E+00  0.000000000000E+00  1.0000000000000E+00 
HIEROBJ  EHIEROBJECT12                                      NONE                
CGTRIAD   HIEROBJECT11                                                          
1.0000000000000E+00 0.000000000000E+00  0.000000000000E+00  0.000000000000E+00  
0.000000000000E+00  1.0000000000000E+00 0.000000000000E+00  0.000000000000E+00  
0.000000000000E+00  0.000000000000E+00  1.0000000000000E+00 0.000000000000E+00  
0.000000000000E+00  0.000000000000E+00  0.000000000000E+00  1.0000000000000E+00 
HIEROBJ  EHIEROBJECT13                                      NONE                
JFCTRIAD  HIEROBJECT1                                                           
-3.592006400002E-04 -1.710160956491E-03 9.9999847316104E-01 0.000000000000E+00  
9.9999993544635E-01 8.4522863769093E-06 3.5921562004701E-04 0.000000000000E+00  
-9.066589999995E-06 9.9999853763796E-01 1.7101578100274E-03 0.000000000000E+00  
0.000000000000E+00  0.000000000000E+00  0.000000000000E+00  1.0000000000000E+00 
HIEROBJ  EHIEROBJECT14                                      NONE                
JFCTRIAD  HIEROBJECT1                                                           
-3.592006400002E-04 -1.710160956491E-03 9.9999847316104E-01 0.000000000000E+00  
9.9999993544635E-01 8.4522863769093E-06 3.5921562004701E-04 0.000000000000E+00  
-9.066589999995E-06 9.9999853763796E-01 1.7101578100274E-03 0.000000000000E+00  
2.8688071000000E-01 3.2340025540000E+01 2.1135668030000E+02 1.0000000000000E+00 
HIEROBJ  EHIEROBJECT15                                      NONE                
JFCTRIAD  HIEROBJECT3                                                           
7.6133621599815E-01 6.4835728283842E-01 0.000000000000E+00  0.000000000000E+00  
0.000000000000E+00  0.000000000000E+00  1.0000000000000E+00 0.000000000000E+00  
6.4835728283842E-01 -7.613362159982E-01 0.000000000000E+00  0.000000000000E+00  
0.000000000000E+00  0.000000000000E+00  0.000000000000E+00  1.0000000000000E+00 
HIEROBJ  EHIEROBJECT16                                      NONE                
JFCTRIAD  HIEROBJECT3                                                           
7.6133621599815E-01 6.4835728283842E-01 0.000000000000E+00  0.000000000000E+00  
0.000000000000E+00  0.000000000000E+00  1.0000000000000E+00 0.000000000000E+00  
6.4835728283842E-01 -7.613362159982E-01 0.000000000000E+00  0.000000000000E+00  
-4.695357848000E+01 1.0191889742000E+02 2.1128386673000E+02 1.0000000000000E+00 
HIEROBJ  EHIEROBJECT17                                      NONE                
JFCTRIAD  HIEROBJECT5                                                           
2.2405980157737E-16 0.000000000000E+00  1.0000000000000E+00 0.000000000000E+00  
-1.350376794997E-01 9.9084046400787E-01 0.000000000000E+00  0.000000000000E+00  
-9.908404640079E-01 -1.350376794997E-01 2.2204460492503E-16 0.000000000000E+00  
0.000000000000E+00  0.000000000000E+00  0.000000000000E+00  1.0000000000000E+00 
HIEROBJ  EHIEROBJECT18                                      NONE                
JFCTRIAD  HIEROBJECT5                                                           
2.2405980157737E-16 0.000000000000E+00  1.0000000000000E+00 0.000000000000E+00  
-1.350376794997E-01 9.9084046400787E-01 0.000000000000E+00  0.000000000000E+00  
-9.908404640079E-01 -1.350376794997E-01 2.2204460492503E-16 0.000000000000E+00  
-5.264277784000E+01 5.3767039420000E+01 2.1133387179000E+02 1.0000000000000E+00 
HIEROBJ  EHIEROBJECT19                                      NONE                
JFCTRIAD  HIEROBJECT7                                                           
8.9456223528271E-01 4.4694336819295E-01 1.8120252001694E-04 0.000000000000E+00  
-2.458133375205E-04 8.6572075043077E-05 9.9999996604054E-01 0.000000000000E+00  
4.4694333732791E-01 -8.945622494459E-01 1.8730874998174E-04 0.000000000000E+00  
0.000000000000E+00  0.000000000000E+00  0.000000000000E+00  1.0000000000000E+00 
HIEROBJ  EHIEROBJECT20                                      NONE                
JFCTRIAD  HIEROBJECT7                                                           
8.9456223528271E-01 4.4694336819295E-01 1.8120252001694E-04 0.000000000000E+00  
-2.458133375205E-04 8.6572075043077E-05 9.9999996604054E-01 0.000000000000E+00  
4.4694333732791E-01 -8.945622494459E-01 1.8730874998174E-04 0.000000000000E+00  
-7.565222978000E+01 8.5750986620000E+01 2.1133693604000E+02 1.0000000000000E+00 
HIEROBJ  EHIEROBJECT21                                      NONE                
JFCTRIAD  HIEROBJECT9                                                           
1.5893079196705E-16 -2.659315913664E-16 1.0000000000000E+00 0.000000000000E+00  
9.7297350378152E-01 -2.309167835804E-01 -2.160435172497E-16 0.000000000000E+00  
2.3091678358037E-01 9.7297350378152E-01 2.2204460492503E-16 0.000000000000E+00  
0.000000000000E+00  0.000000000000E+00  0.000000000000E+00  1.0000000000000E+00 
HIEROBJ  EHIEROBJECT22                                      NONE                
JFCTRIAD  HIEROBJECT9                                                           
1.5893079196705E-16 -2.659315913664E-16 1.0000000000000E+00 0.000000000000E+00  
9.7297350378152E-01 -2.309167835804E-01 -2.160435172497E-16 0.000000000000E+00  
2.3091678358037E-01 9.7297350378152E-01 2.2204460492503E-16 0.000000000000E+00  
-7.914540575000E+01 1.5741704358000E+02 2.1133387295000E+02 1.0000000000000E+00 
HIEROBJ  EHIEROBJECT23                                      NONE                
JFCTRIAD  HIEROBJECT11                                                          
1.0000000000000E+00 0.000000000000E+00  0.000000000000E+00  0.000000000000E+00  
0.000000000000E+00  1.0000000000000E+00 0.000000000000E+00  0.000000000000E+00  
0.000000000000E+00  0.000000000000E+00  1.0000000000000E+00 0.000000000000E+00  
0.000000000000E+00  0.000000000000E+00  0.000000000000E+00  1.0000000000000E+00 
NAMEMAP   WORLD               5    5    UTF8 UTF8 ELEMENT                       
WORLD                                                                           
WORLD                                                                           
NAMEMAP   HIEROBJECT1         14   14   UTF8 UTF8 ELEMENT                       
L001/L001_NCBF                                                                  
L001/L001_NCBF                                                                  
NAMEMAP   HIEROBJECT2         12   12   UTF8 UTF8 ELEMENT                       
L001/L001_cm                                                                    
L001/L001_cm                                                                    
NAMEMAP   HIEROBJECT3         14   14   UTF8 UTF8 ELEMENT                       
L002/L002_NCBF                                                                  
L002/L002_NCBF                                                                  
NAMEMAP   HIEROBJECT4         12   12   UTF8 UTF8 ELEMENT                       
L002/L002_cm                                                                    
L002/L002_cm                                                                    
NAMEMAP   HIEROBJECT5         14   14   UTF8 UTF8 ELEMENT                       
L003/L003_NCBF                                                                  
L003/L003_NCBF                                                                  
NAMEMAP   HIEROBJECT6         12   12   UTF8 UTF8 ELEMENT                       
L003/L003_cm                                                                    
L003/L003_cm                                                                    
NAMEMAP   HIEROBJECT7         14   14   UTF8 UTF8 ELEMENT                       
L004/L004_NCBF                                                                  
L004/L004_NCBF                                                                  
NAMEMAP   HIEROBJECT8         12   12   UTF8 UTF8 ELEMENT                       
L004/L004_cm                                                                    
L004/L004_cm                                                                    
NAMEMAP   HIEROBJECT9         14   14   UTF8 UTF8 ELEMENT                       
L005/L005_NCBF                                                                  
L005/L005_NCBF                                                                  
NAMEMAP   HIEROBJECT10        12   12   UTF8 UTF8 ELEMENT                       
L005/L005_cm                                                                    
L005/L005_cm                                                                    
NAMEMAP   HIEROBJECT11        26   26   UTF8 UTF8 ELEMENT                       
the_ground/the_ground_NCBF                                                      
the_ground/the_ground_NCBF                                                      
NAMEMAP   HIEROBJECT12        13   13   UTF8 UTF8 ELEMENT                       
the_ground_cm                                                                   
the_ground_cm                                                                   
NAMEMAP   HIEROBJECT13        13   13   UTF8 UTF8 ELEMENT                       
L001/L001_coi                                                                   
L001/L001_coi                                                                   
NAMEMAP   HIEROBJECT14        13   13   UTF8 UTF8 ELEMENT                       
L001/L001_com                                                                   
L001/L001_com                                                                   
NAMEMAP   HIEROBJECT15        13   13   UTF8 UTF8 ELEMENT                       
L002/L002_coi                                                                   
L002/L002_coi                                                                   
NAMEMAP   HIEROBJECT16        13   13   UTF8 UTF8 ELEMENT                       
L002/L002_com                                                                   
L002/L002_com                                                                   
NAMEMAP   HIEROBJECT17        13   13   UTF8 UTF8 ELEMENT                       
L003/L003_coi                                                                   
L003/L003_coi                                                                   
NAMEMAP   HIEROBJECT18        13   13   UTF8 UTF8 ELEMENT                       
L003/L003_com                                                                   
L003/L003_com                                                                   
NAMEMAP   HIEROBJECT19        13   13   UTF8 UTF8 ELEMENT                       
L004/L004_coi                                                                   
L004/L004_coi                                                                   
NAMEMAP   HIEROBJECT20        13   13   UTF8 UTF8 ELEMENT                       
L004/L004_com                                                                   
L004/L004_com                                                                   
NAMEMAP   HIEROBJECT21        13   13   UTF8 UTF8 ELEMENT                       
L005/L005_coi                                                                   
L005/L005_coi                                                                   
NAMEMAP   HIEROBJECT22        13   13   UTF8 UTF8 ELEMENT                       
L005/L005_com                                                                   
L005/L005_com                                                                   
NAMEMAP   HIEROBJECT23        1    14   UTF8 UTF8 ELEMENT                       
1                                                                               
the_ground/gnd                                                                  
NAMEMAP   CURRENT_DIRECTORY   54   0    UTF8 UTF8 FILE                          
C:\Users\Sazewar\Desktop\SSSGR\SSSGR\SSSGR.000.000.000                          
SYSTEM   GMILLIMETER          DYNAMIC             SPARSE    FULL_NCBF      TRUE 
9.8066500000000E+03 0.000000000000E+00  0.000000000000E+00  -1.000000000000E+00 
1.0000000000000E+00 0.000000000000E+00  1.0000000000000E+00 2.0000000000000E-02 
1.0000000000000E-09 1.0000000000000E-03 NULL_FALSEBINARY_ONLFALSEKILOGNEWTO    1
NONE                NONE                    1NONE                TRUE ITERAFALSE
NONE                NONE                                                        
NONE                                                                            
HEADER                                                                          
SET_IASIZE =    5000000;                                                        
SET_DASIZE =    5000000;                                                        
SDK_BUILD_INFO = R12.0.2P9_rc2 2018-06-20                                       
END                                                                             
DYNAMIC  ETRUE      INTERPOLATED        GLOBAL    BDF           1     BANDED    
1.0000000000000E-02 1.0000000000000E-03 1.0000000000000E-03 1.0000000000000E-03 
NONE                QR       1TRUE                                              
PRELOAD  F          0.000000000000E+00      0                                   
NONE                                                                            
NONE                                                                            
NCBF     EBODY1_REF           BODY1               PARAMETERSPOSITIVE            
HIEROBJECT1                                                                     
0.000000000000E+00  0.000000000000E+00  0.000000000000E+00                      
BODY     EBODY1               POSITIVE  PARAMETERSTRUE FALSEFALSEFALSE          
NONE                NONE                NONE                                    
NONE                NONE                NONE                                    
HIEROBJECT2                                                                     
0.000000000000E+00  0.000000000000E+00  0.000000000000E+00                      
1.7688124636500E+00 1.5683038800000E+03 1.3767081000000E+03 1.0525074400000E+03 
0.000000000000E+00  0.000000000000E+00  0.000000000000E+00                      
0.000000000000E+00  0.000000000000E+00  0.000000000000E+00  FALSE               
0.000000000000E+00  0.000000000000E+00  0.000000000000E+00                      
NCBF     EBODY2_REF           BODY2               PARAMETERSPOSITIVE            
HIEROBJECT3                                                                     
0.000000000000E+00  0.000000000000E+00  0.000000000000E+00                      
BODY     EBODY2               POSITIVE  PARAMETERSFALSEFALSEFALSEFALSE          
NONE                NONE                NONE                                    
NONE                NONE                NONE                                    
HIEROBJECT4                                                                     
0.000000000000E+00  0.000000000000E+00  0.000000000000E+00                      
1.9754165257000E-01 1.4817985000000E+02 1.3162527000000E+02 2.1202580000000E+01 
0.000000000000E+00  0.000000000000E+00  0.000000000000E+00                      
0.000000000000E+00  0.000000000000E+00  0.000000000000E+00  FALSE               
0.000000000000E+00  0.000000000000E+00  0.000000000000E+00                      
NCBF     EBODY3_REF           BODY3               PARAMETERSPOSITIVE            
HIEROBJECT5                                                                     
0.000000000000E+00  0.000000000000E+00  0.000000000000E+00                      
BODY     EBODY3               POSITIVE  PARAMETERSFALSEFALSEFALSEFALSE          
NONE                NONE                NONE                                    
NONE                NONE                NONE                                    
HIEROBJECT6                                                                     
0.000000000000E+00  0.000000000000E+00  0.000000000000E+00                      
2.6575720560000E-02 2.1798200000000E+00 1.9531300000000E+00 6.1806000000000E-01 
0.000000000000E+00  0.000000000000E+00  0.000000000000E+00                      
0.000000000000E+00  0.000000000000E+00  0.000000000000E+00  FALSE               
0.000000000000E+00  0.000000000000E+00  0.000000000000E+00                      
NCBF     EBODY4_REF           BODY4               PARAMETERSPOSITIVE            
HIEROBJECT7                                                                     
0.000000000000E+00  0.000000000000E+00  0.000000000000E+00                      
BODY     EBODY4               POSITIVE  PARAMETERSFALSEFALSEFALSEFALSE          
NONE                NONE                NONE                                    
NONE                NONE                NONE                                    
HIEROBJECT8                                                                     
0.000000000000E+00  0.000000000000E+00  0.000000000000E+00                      
2.2350460101000E-01 1.6696489000000E+02 1.5528576000000E+02 1.9767120000000E+01 
0.000000000000E+00  0.000000000000E+00  0.000000000000E+00                      
0.000000000000E+00  0.000000000000E+00  0.000000000000E+00  FALSE               
0.000000000000E+00  0.000000000000E+00  0.000000000000E+00                      
NCBF     EBODY5_REF           BODY5               PARAMETERSPOSITIVE            
HIEROBJECT9                                                                     
0.000000000000E+00  0.000000000000E+00  0.000000000000E+00                      
BODY     EBODY5               POSITIVE  PARAMETERSFALSEFALSEFALSEFALSE          
NONE                NONE                NONE                                    
NONE                NONE                NONE                                    
HIEROBJECT10                                                                    
0.000000000000E+00  0.000000000000E+00  0.000000000000E+00                      
1.4453103772000E-01 8.9521070000000E+01 8.9478280000000E+01 9.6237300000000E+00 
0.000000000000E+00  0.000000000000E+00  0.000000000000E+00                      
0.000000000000E+00  0.000000000000E+00  0.000000000000E+00  FALSE               
0.000000000000E+00  0.000000000000E+00  0.000000000000E+00                      
NCBF     EBODY6_REF           BODY6               PARAMETERSPOSITIVE            
HIEROBJECT11                                                                    
0.000000000000E+00  0.000000000000E+00  0.000000000000E+00                      
BODY     EBODY6               POSITIVE  PARAMETERSTRUE FALSEFALSEFALSE          
NONE                NONE                NONE                                    
NONE                NONE                NONE                                    
HIEROBJECT12                                                                    
0.000000000000E+00  0.000000000000E+00  0.000000000000E+00                      
1.0000000000000E+00 1.0000000000000E+06 1.0000000000000E+06 1.0000000000000E+06 
0.000000000000E+00  0.000000000000E+00  0.000000000000E+00                      
0.000000000000E+00  0.000000000000E+00  0.000000000000E+00  FALSE               
0.000000000000E+00  0.000000000000E+00  0.000000000000E+00                      
NAMEMAP   SYSTEM_DATA1        11   11   UTF8 UTF8 ELEMENT                       
Mandatory:1                                                                     
Mandatory:1                                                                     
NAMEMAP   DYNAMIC_DATA1       11   11   UTF8 UTF8 ELEMENT                       
Mandatory:2                                                                     
Mandatory:2                                                                     
NAMEMAP   PRELOAD_DATA1       11   11   UTF8 UTF8 ELEMENT                       
Mandatory:5                                                                     
Mandatory:5                                                                     
NAMEMAP   BODY1               4    4    UTF8 UTF8 ELEMENT                       
L001                                                                            
L001                                                                            
NAMEMAP   BODY1_REF           8    8    UTF8 UTF8 ELEMENT                       
L001_REF                                                                        
L001_REF                                                                        
NAMEMAP   BODY2               4    4    UTF8 UTF8 ELEMENT                       
L002                                                                            
L002                                                                            
NAMEMAP   BODY2_REF           8    8    UTF8 UTF8 ELEMENT                       
L002_REF                                                                        
L002_REF                                                                        
NAMEMAP   BODY3               4    4    UTF8 UTF8 ELEMENT                       
L003                                                                            
L003                                                                            
NAMEMAP   BODY3_REF           8    8    UTF8 UTF8 ELEMENT                       
L003_REF                                                                        
L003_REF                                                                        
NAMEMAP   BODY4               4    4    UTF8 UTF8 ELEMENT                       
L004                                                                            
L004                                                                            
NAMEMAP   BODY4_REF           8    8    UTF8 UTF8 ELEMENT                       
L004_REF                                                                        
L004_REF                                                                        
NAMEMAP   BODY5               4    4    UTF8 UTF8 ELEMENT                       
L005                                                                            
L005                                                                            
NAMEMAP   BODY5_REF           8    8    UTF8 UTF8 ELEMENT                       
L005_REF                                                                        
L005_REF                                                                        
NAMEMAP   BODY6               10   10   UTF8 UTF8 ELEMENT                       
the_ground                                                                      
the_ground                                                                      
NAMEMAP   BODY6_REF           14   14   UTF8 UTF8 ELEMENT                       
the_ground_REF                                                                  
the_ground_REF                                                                  
