HIEROBJ  EWORLD                                             NONE                
ROOT                                                                            
1.0000000000000E+00 0.000000000000E+00  0.000000000000E+00  0.000000000000E+00  
0.000000000000E+00  1.0000000000000E+00 0.000000000000E+00  0.000000000000E+00  
0.000000000000E+00  0.000000000000E+00  1.0000000000000E+00 0.000000000000E+00  
0.000000000000E+00  0.000000000000E+00  0.000000000000E+00  1.0000000000000E+00 
HIEROBJ  EHIEROBJECT1                                       NONE                
BODYNCBF  WORLD                                   BODY1                         
1.0000000000000E+00 0.000000000000E+00  0.000000000000E+00  0.000000000000E+00  
0.000000000000E+00  1.0000000000000E+00 0.000000000000E+00  0.000000000000E+00  
0.000000000000E+00  0.000000000000E+00  1.0000000000000E+00 0.000000000000E+00  
0.000000000000E+00  0.000000000000E+00  0.000000000000E+00  1.0000000000000E+00 
HIEROBJ  EHIEROBJECT2                                       NONE                
CGTRIAD   HIEROBJECT1                                                           
-3.592006400003E-04 -1.710160956491E-03 9.9999847316104E-01 0.000000000000E+00  
9.9999993544635E-01 8.4522863768815E-06 3.5921562004712E-04 0.000000000000E+00  
-9.066589999968E-06 9.9999853763796E-01 1.7101578100274E-03 0.000000000000E+00  
2.8688071000000E-01 3.2340025540000E+01 2.1135668030000E+02 1.0000000000000E+00 
HIEROBJ  EHIEROBJECT3                                       NONE                
BODYNCBF  WORLD                                   BODY2                         
1.0000000000000E+00 0.000000000000E+00  0.000000000000E+00  0.000000000000E+00  
0.000000000000E+00  1.0000000000000E+00 0.000000000000E+00  0.000000000000E+00  
0.000000000000E+00  0.000000000000E+00  1.0000000000000E+00 0.000000000000E+00  
0.000000000000E+00  0.000000000000E+00  0.000000000000E+00  1.0000000000000E+00 
HIEROBJ  EHIEROBJECT4                                       NONE                
CGTRIAD   HIEROBJECT3                                                           
7.6133621599815E-01 6.4835728283842E-01 0.000000000000E+00  0.000000000000E+00  
0.000000000000E+00  0.000000000000E+00  1.0000000000000E+00 0.000000000000E+00  
6.4835728283842E-01 -7.613362159982E-01 0.000000000000E+00  0.000000000000E+00  
-4.695357848000E+01 1.0191889742000E+02 2.1128386673000E+02 1.0000000000000E+00 
HIEROBJ  EHIEROBJECT5                                       NONE                
BODYNCBF  WORLD                                   BODY3                         
1.0000000000000E+00 0.000000000000E+00  0.000000000000E+00  0.000000000000E+00  
0.000000000000E+00  1.0000000000000E+00 0.000000000000E+00  0.000000000000E+00  
0.000000000000E+00  0.000000000000E+00  1.0000000000000E+00 0.000000000000E+00  
0.000000000000E+00  0.000000000000E+00  0.000000000000E+00  1.0000000000000E+00 
HIEROBJ  EHIEROBJECT6                                       NONE                
CGTRIAD   HIEROBJECT5                                                           
0.000000000000E+00  0.000000000000E+00  1.0000000000000E+00 0.000000000000E+00  
-1.350376794997E-01 9.9084046400787E-01 0.000000000000E+00  0.000000000000E+00  
-9.908404640079E-01 -1.350376794997E-01 0.000000000000E+00  0.000000000000E+00  
-5.264277784000E+01 5.3767039420000E+01 2.1133387179000E+02 1.0000000000000E+00 
HIEROBJ  EHIEROBJECT7                                       NONE                
BODYNCBF  WORLD                                   BODY4                         
1.0000000000000E+00 0.000000000000E+00  0.000000000000E+00  0.000000000000E+00  
0.000000000000E+00  1.0000000000000E+00 0.000000000000E+00  0.000000000000E+00  
0.000000000000E+00  0.000000000000E+00  1.0000000000000E+00 0.000000000000E+00  
0.000000000000E+00  0.000000000000E+00  0.000000000000E+00  1.0000000000000E+00 
HIEROBJ  EHIEROBJECT8                                       NONE                
CGTRIAD   HIEROBJECT7                                                           
8.9456223528271E-01 4.4694336819295E-01 1.8120252001693E-04 0.000000000000E+00  
-2.458133375205E-04 8.6572075043097E-05 9.9999996604054E-01 0.000000000000E+00  
4.4694333732791E-01 -8.945622494459E-01 1.8730874998176E-04 0.000000000000E+00  
-7.565222978000E+01 8.5750986620000E+01 2.1133693604000E+02 1.0000000000000E+00 
HIEROBJ  EHIEROBJECT9                                       NONE                
BODYNCBF  WORLD                                   BODY5                         
1.0000000000000E+00 0.000000000000E+00  0.000000000000E+00  0.000000000000E+00  
0.000000000000E+00  1.0000000000000E+00 0.000000000000E+00  0.000000000000E+00  
0.000000000000E+00  0.000000000000E+00  1.0000000000000E+00 0.000000000000E+00  
0.000000000000E+00  0.000000000000E+00  0.000000000000E+00  1.0000000000000E+00 
HIEROBJ  EHIEROBJECT10                                      NONE                
CGTRIAD   HIEROBJECT9                                                           
0.000000000000E+00  0.000000000000E+00  1.0000000000000E+00 0.000000000000E+00  
9.7297350378152E-01 -2.309167835804E-01 0.000000000000E+00  0.000000000000E+00  
2.3091678358037E-01 9.7297350378152E-01 0.000000000000E+00  0.000000000000E+00  
-7.914540575000E+01 1.5741704358000E+02 2.1133387295000E+02 1.0000000000000E+00 
HIEROBJ  EHIEROBJECT11                                      NONE                
BODYNCBF  WORLD                                   BODY6                         
1.0000000000000E+00 0.000000000000E+00  0.000000000000E+00  0.000000000000E+00  
0.000000000000E+00  1.0000000000000E+00 0.000000000000E+00  0.000000000000E+00  
0.000000000000E+00  0.000000000000E+00  1.0000000000000E+00 0.000000000000E+00  
0.000000000000E+00  0.000000000000E+00  0.000000000000E+00  1.0000000000000E+00 
HIEROBJ  EHIEROBJECT12                                      NONE                
CGTRIAD   HIEROBJECT11                                                          
1.0000000000000E+00 0.000000000000E+00  0.000000000000E+00  0.000000000000E+00  
0.000000000000E+00  1.0000000000000E+00 0.000000000000E+00  0.000000000000E+00  
0.000000000000E+00  0.000000000000E+00  1.0000000000000E+00 0.000000000000E+00  
1.0000000000000E+00 1.6300000000000E+02 2.1300000000000E+02 1.0000000000000E+00 
HIEROBJ  EHIEROBJECT13                                      NONE                
BODYNCBF  WORLD                                   BODY7                         
1.0000000000000E+00 0.000000000000E+00  0.000000000000E+00  0.000000000000E+00  
0.000000000000E+00  1.0000000000000E+00 0.000000000000E+00  0.000000000000E+00  
0.000000000000E+00  0.000000000000E+00  1.0000000000000E+00 0.000000000000E+00  
0.000000000000E+00  0.000000000000E+00  0.000000000000E+00  1.0000000000000E+00 
HIEROBJ  EHIEROBJECT14                                      NONE                
CGTRIAD   HIEROBJECT13                                                          
7.6435269645035E-01 -6.447983835503E-01 0.000000000000E+00  0.000000000000E+00  
0.000000000000E+00  0.000000000000E+00  1.0000000000000E+00 0.000000000000E+00  
-6.447983835503E-01 -7.643526964504E-01 0.000000000000E+00  0.000000000000E+00  
4.7261940900000E+01 1.0214491565000E+02 2.1128386673000E+02 1.0000000000000E+00 
HIEROBJ  EHIEROBJECT15                                      NONE                
BODYNCBF  WORLD                                   BODY8                         
1.0000000000000E+00 0.000000000000E+00  0.000000000000E+00  0.000000000000E+00  
0.000000000000E+00  1.0000000000000E+00 0.000000000000E+00  0.000000000000E+00  
0.000000000000E+00  0.000000000000E+00  1.0000000000000E+00 0.000000000000E+00  
0.000000000000E+00  0.000000000000E+00  0.000000000000E+00  1.0000000000000E+00 
HIEROBJ  EHIEROBJECT16                                      NONE                
CGTRIAD   HIEROBJECT15                                                          
0.000000000000E+00  0.000000000000E+00  1.0000000000000E+00 0.000000000000E+00  
9.7297350378153E-01 2.3091678358036E-01 0.000000000000E+00  0.000000000000E+00  
-2.309167835804E-01 9.7297350378153E-01 0.000000000000E+00  0.000000000000E+00  
7.9145405750000E+01 1.5790442610000E+02 2.1113387064000E+02 1.0000000000000E+00 
HIEROBJ  EHIEROBJECT17                                      NONE                
BODYNCBF  WORLD                                   BODY9                         
1.0000000000000E+00 0.000000000000E+00  0.000000000000E+00  0.000000000000E+00  
0.000000000000E+00  1.0000000000000E+00 0.000000000000E+00  0.000000000000E+00  
0.000000000000E+00  0.000000000000E+00  1.0000000000000E+00 0.000000000000E+00  
0.000000000000E+00  0.000000000000E+00  0.000000000000E+00  1.0000000000000E+00 
HIEROBJ  EHIEROBJECT18                                      NONE                
CGTRIAD   HIEROBJECT17                                                          
8.9790579284936E-01 -4.401876353706E-01 1.8120251998855E-04 0.000000000000E+00  
-2.451537906398E-04 -8.842250847572E-05 9.9999996604054E-01 0.000000000000E+00  
-4.401876043997E-01 -8.979058067795E-01 -1.873087499825E-04 0.000000000000E+00  
7.5993578070000E+01 8.6091864250000E+01 2.1113080755000E+02 1.0000000000000E+00 
HIEROBJ  EHIEROBJECT19                                      NONE                
BODYNCBF  WORLD                                   BODY10                        
1.0000000000000E+00 0.000000000000E+00  0.000000000000E+00  0.000000000000E+00  
0.000000000000E+00  1.0000000000000E+00 0.000000000000E+00  0.000000000000E+00  
0.000000000000E+00  0.000000000000E+00  1.0000000000000E+00 0.000000000000E+00  
0.000000000000E+00  0.000000000000E+00  0.000000000000E+00  1.0000000000000E+00 
HIEROBJ  EHIEROBJECT20                                      NONE                
CGTRIAD   HIEROBJECT19                                                          
0.000000000000E+00  0.000000000000E+00  1.0000000000000E+00 0.000000000000E+00  
1.2756508133060E-01 9.9183020221463E-01 0.000000000000E+00  0.000000000000E+00  
-9.918302022146E-01 1.2756508133060E-01 0.000000000000E+00  0.000000000000E+00  
5.3225868560000E+01 5.3935384950000E+01 2.1133387179000E+02 1.0000000000000E+00 
HIEROBJ  EHIEROBJECT21                                      NONE                
BODYNCBF  WORLD                                   BODY11                        
1.0000000000000E+00 0.000000000000E+00  0.000000000000E+00  0.000000000000E+00  
0.000000000000E+00  1.0000000000000E+00 0.000000000000E+00  0.000000000000E+00  
0.000000000000E+00  0.000000000000E+00  1.0000000000000E+00 0.000000000000E+00  
0.000000000000E+00  0.000000000000E+00  0.000000000000E+00  1.0000000000000E+00 
HIEROBJ  EHIEROBJECT22                                      NONE                
CGTRIAD   HIEROBJECT21                                                          
1.0000000000000E+00 0.000000000000E+00  0.000000000000E+00  0.000000000000E+00  
0.000000000000E+00  1.0000000000000E+00 0.000000000000E+00  0.000000000000E+00  
0.000000000000E+00  0.000000000000E+00  1.0000000000000E+00 0.000000000000E+00  
0.000000000000E+00  0.000000000000E+00  0.000000000000E+00  1.0000000000000E+00 
HIEROBJ  EHIEROBJECT23                                      NONE                
JFCTRIAD  HIEROBJECT1                                                           
1.0000000000000E+00 0.000000000000E+00  0.000000000000E+00  0.000000000000E+00  
0.000000000000E+00  1.0000000000000E+00 0.000000000000E+00  0.000000000000E+00  
0.000000000000E+00  0.000000000000E+00  1.0000000000000E+00 0.000000000000E+00  
-1.241248855379E+01 6.1436996871086E+01 2.2875887179274E+02 1.0000000000000E+00 
HIEROBJ  EHIEROBJECT24                                      NONE                
JFCTRIAD  HIEROBJECT1                                                           
1.0000000000000E+00 0.000000000000E+00  0.000000000000E+00  0.000000000000E+00  
0.000000000000E+00  1.0000000000000E+00 0.000000000000E+00  0.000000000000E+00  
0.000000000000E+00  0.000000000000E+00  1.0000000000000E+00 0.000000000000E+00  
1.2987511446206E+01 6.1436996871086E+01 2.2875887179274E+02 1.0000000000000E+00 
HIEROBJ  EHIEROBJECT25                                      NONE                
JFCTRIAD  HIEROBJECT1                                                           
1.0000000000000E+00 0.000000000000E+00  0.000000000000E+00  0.000000000000E+00  
0.000000000000E+00  1.0000000000000E+00 0.000000000000E+00  0.000000000000E+00  
0.000000000000E+00  0.000000000000E+00  1.0000000000000E+00 0.000000000000E+00  
-1.241248855379E+01 6.1436996871086E+01 2.2875887179274E+02 1.0000000000000E+00 
HIEROBJ  EHIEROBJECT26                                      NONE                
JFCTRIAD  HIEROBJECT1                                                           
1.0000000000000E+00 0.000000000000E+00  0.000000000000E+00  0.000000000000E+00  
0.000000000000E+00  1.0000000000000E+00 0.000000000000E+00  0.000000000000E+00  
0.000000000000E+00  0.000000000000E+00  1.0000000000000E+00 0.000000000000E+00  
-3.031363297952E+01 5.4921513140731E+01 2.1603387179274E+02 1.0000000000000E+00 
HIEROBJ  EHIEROBJECT27                                      NONE                
JFCTRIAD  HIEROBJECT1                                                           
1.0000000000000E+00 0.000000000000E+00  0.000000000000E+00  0.000000000000E+00  
0.000000000000E+00  1.0000000000000E+00 0.000000000000E+00  0.000000000000E+00  
0.000000000000E+00  0.000000000000E+00  1.0000000000000E+00 0.000000000000E+00  
1.2987511446206E+01 6.1436996871086E+01 2.2875887179274E+02 1.0000000000000E+00 
HIEROBJ  EHIEROBJECT28                                      NONE                
JFCTRIAD  HIEROBJECT1                                                           
1.0000000000000E+00 0.000000000000E+00  0.000000000000E+00  0.000000000000E+00  
0.000000000000E+00  1.0000000000000E+00 0.000000000000E+00  0.000000000000E+00  
0.000000000000E+00  0.000000000000E+00  1.0000000000000E+00 0.000000000000E+00  
3.0888655872423E+01 5.4921513140731E+01 2.1603387179274E+02 1.0000000000000E+00 
HIEROBJ  EHIEROBJECT29                                      NONE                
JFCTRIAD  HIEROBJECT1                                                           
-3.592006400002E-04 -1.710160956491E-03 9.9999847316104E-01 0.000000000000E+00  
9.9999993544635E-01 8.4522863769093E-06 3.5921562004701E-04 0.000000000000E+00  
-9.066589999995E-06 9.9999853763796E-01 1.7101578100274E-03 0.000000000000E+00  
0.000000000000E+00  0.000000000000E+00  0.000000000000E+00  1.0000000000000E+00 
HIEROBJ  EHIEROBJECT30                                      NONE                
JFCTRIAD  HIEROBJECT1                                                           
-3.592006400002E-04 -1.710160956491E-03 9.9999847316104E-01 0.000000000000E+00  
9.9999993544635E-01 8.4522863769093E-06 3.5921562004701E-04 0.000000000000E+00  
-9.066589999995E-06 9.9999853763796E-01 1.7101578100274E-03 0.000000000000E+00  
2.8688071000000E-01 3.2340025540000E+01 2.1135668030000E+02 1.0000000000000E+00 
HIEROBJ  EHIEROBJECT31                                      NONE                
JFCTRIAD  HIEROBJECT1                                                           
1.0000000000000E+00 0.000000000000E+00  0.000000000000E+00  0.000000000000E+00  
0.000000000000E+00  1.0000000000000E+00 0.000000000000E+00  0.000000000000E+00  
0.000000000000E+00  0.000000000000E+00  1.0000000000000E+00 0.000000000000E+00  
-1.241248855379E+01 6.1436996871086E+01 2.2875887179274E+02 1.0000000000000E+00 
HIEROBJ  EHIEROBJECT32                                      NONE                
JFCTRIAD  HIEROBJECT1                                                           
1.0000000000000E+00 0.000000000000E+00  0.000000000000E+00  0.000000000000E+00  
0.000000000000E+00  1.0000000000000E+00 0.000000000000E+00  0.000000000000E+00  
0.000000000000E+00  0.000000000000E+00  1.0000000000000E+00 0.000000000000E+00  
1.2987511446206E+01 6.1436996871086E+01 2.2875887179274E+02 1.0000000000000E+00 
HIEROBJ  EHIEROBJECT33                                      NONE                
JFCTRIAD  HIEROBJECT3                                                           
1.0000000000000E+00 0.000000000000E+00  0.000000000000E+00  0.000000000000E+00  
0.000000000000E+00  1.0000000000000E+00 0.000000000000E+00  0.000000000000E+00  
0.000000000000E+00  0.000000000000E+00  1.0000000000000E+00 0.000000000000E+00  
-1.241248855379E+01 6.1436996871086E+01 2.2875887179274E+02 1.0000000000000E+00 
HIEROBJ  EHIEROBJECT34                                      NONE                
JFCTRIAD  HIEROBJECT3                                                           
1.0000000000000E+00 0.000000000000E+00  0.000000000000E+00  0.000000000000E+00  
0.000000000000E+00  1.0000000000000E+00 0.000000000000E+00  0.000000000000E+00  
0.000000000000E+00  0.000000000000E+00  1.0000000000000E+00 0.000000000000E+00  
-1.241248855379E+01 6.1436996871086E+01 2.2875887179274E+02 1.0000000000000E+00 
HIEROBJ  EHIEROBJECT35                                      NONE                
JFCTRIAD  HIEROBJECT3                                                           
1.0000000000000E+00 0.000000000000E+00  0.000000000000E+00  0.000000000000E+00  
0.000000000000E+00  1.0000000000000E+00 0.000000000000E+00  0.000000000000E+00  
0.000000000000E+00  0.000000000000E+00  1.0000000000000E+00 0.000000000000E+00  
-7.735750000002E+01 1.3747741696626E+02 2.2483387179274E+02 1.0000000000000E+00 
HIEROBJ  EHIEROBJECT36                                      NONE                
JFCTRIAD  HIEROBJECT3                                                           
7.6133621599815E-01 6.4835728283842E-01 0.000000000000E+00  0.000000000000E+00  
0.000000000000E+00  0.000000000000E+00  1.0000000000000E+00 0.000000000000E+00  
6.4835728283842E-01 -7.613362159982E-01 0.000000000000E+00  0.000000000000E+00  
0.000000000000E+00  0.000000000000E+00  0.000000000000E+00  1.0000000000000E+00 
HIEROBJ  EHIEROBJECT37                                      NONE                
JFCTRIAD  HIEROBJECT3                                                           
7.6133621599815E-01 6.4835728283842E-01 0.000000000000E+00  0.000000000000E+00  
0.000000000000E+00  0.000000000000E+00  1.0000000000000E+00 0.000000000000E+00  
6.4835728283842E-01 -7.613362159982E-01 0.000000000000E+00  0.000000000000E+00  
-4.695357848000E+01 1.0191889742000E+02 2.1128386673000E+02 1.0000000000000E+00 
HIEROBJ  EHIEROBJECT38                                      NONE                
JFCTRIAD  HIEROBJECT3                                                           
1.0000000000000E+00 0.000000000000E+00  0.000000000000E+00  0.000000000000E+00  
0.000000000000E+00  1.0000000000000E+00 0.000000000000E+00  0.000000000000E+00  
0.000000000000E+00  0.000000000000E+00  1.0000000000000E+00 0.000000000000E+00  
-1.241248855379E+01 6.1436996871086E+01 2.2875887179274E+02 1.0000000000000E+00 
HIEROBJ  EHIEROBJECT39                                      NONE                
JFCTRIAD  HIEROBJECT5                                                           
1.0000000000000E+00 0.000000000000E+00  0.000000000000E+00  0.000000000000E+00  
0.000000000000E+00  1.0000000000000E+00 0.000000000000E+00  0.000000000000E+00  
0.000000000000E+00  0.000000000000E+00  1.0000000000000E+00 0.000000000000E+00  
-3.031363297952E+01 5.4921513140731E+01 2.1603387179274E+02 1.0000000000000E+00 
HIEROBJ  EHIEROBJECT40                                      NONE                
JFCTRIAD  HIEROBJECT5                                                           
1.0000000000000E+00 0.000000000000E+00  0.000000000000E+00  0.000000000000E+00  
0.000000000000E+00  1.0000000000000E+00 0.000000000000E+00  0.000000000000E+00  
0.000000000000E+00  0.000000000000E+00  1.0000000000000E+00 0.000000000000E+00  
-6.184344595490E+01 5.1188766986894E+01 2.2483387179274E+02 1.0000000000000E+00 
HIEROBJ  EHIEROBJECT41                                      NONE                
JFCTRIAD  HIEROBJECT5                                                           
2.2405980157737E-16 0.000000000000E+00  1.0000000000000E+00 0.000000000000E+00  
-1.350376794997E-01 9.9084046400787E-01 0.000000000000E+00  0.000000000000E+00  
-9.908404640079E-01 -1.350376794997E-01 2.2204460492503E-16 0.000000000000E+00  
0.000000000000E+00  0.000000000000E+00  0.000000000000E+00  1.0000000000000E+00 
HIEROBJ  EHIEROBJECT42                                      NONE                
JFCTRIAD  HIEROBJECT5                                                           
2.2405980157737E-16 0.000000000000E+00  1.0000000000000E+00 0.000000000000E+00  
-1.350376794997E-01 9.9084046400787E-01 0.000000000000E+00  0.000000000000E+00  
-9.908404640079E-01 -1.350376794997E-01 2.2204460492503E-16 0.000000000000E+00  
-5.264277784000E+01 5.3767039420000E+01 2.1133387179000E+02 1.0000000000000E+00 
HIEROBJ  EHIEROBJECT43                                      NONE                
JFCTRIAD  HIEROBJECT7                                                           
1.0000000000000E+00 0.000000000000E+00  0.000000000000E+00  0.000000000000E+00  
0.000000000000E+00  1.0000000000000E+00 0.000000000000E+00  0.000000000000E+00  
0.000000000000E+00  0.000000000000E+00  1.0000000000000E+00 0.000000000000E+00  
-6.184344595490E+01 5.1188766986894E+01 2.2483387179274E+02 1.0000000000000E+00 
HIEROBJ  EHIEROBJECT44                                      NONE                
JFCTRIAD  HIEROBJECT7                                                           
1.0000000000000E+00 0.000000000000E+00  0.000000000000E+00  0.000000000000E+00  
0.000000000000E+00  1.0000000000000E+00 0.000000000000E+00  0.000000000000E+00  
0.000000000000E+00  0.000000000000E+00  1.0000000000000E+00 0.000000000000E+00  
-9.525864442600E+01 1.3096193323591E+02 2.2483387179274E+02 1.0000000000000E+00 
HIEROBJ  EHIEROBJECT45                                      NONE                
JFCTRIAD  HIEROBJECT7                                                           
8.9456223528271E-01 4.4694336819295E-01 1.8120252001694E-04 0.000000000000E+00  
-2.458133375205E-04 8.6572075043077E-05 9.9999996604054E-01 0.000000000000E+00  
4.4694333732791E-01 -8.945622494459E-01 1.8730874998174E-04 0.000000000000E+00  
0.000000000000E+00  0.000000000000E+00  0.000000000000E+00  1.0000000000000E+00 
HIEROBJ  EHIEROBJECT46                                      NONE                
JFCTRIAD  HIEROBJECT7                                                           
8.9456223528271E-01 4.4694336819295E-01 1.8120252001694E-04 0.000000000000E+00  
-2.458133375205E-04 8.6572075043077E-05 9.9999996604054E-01 0.000000000000E+00  
4.4694333732791E-01 -8.945622494459E-01 1.8730874998174E-04 0.000000000000E+00  
-7.565222978000E+01 8.5750986620000E+01 2.1133693604000E+02 1.0000000000000E+00 
HIEROBJ  EHIEROBJECT47                                      NONE                
JFCTRIAD  HIEROBJECT9                                                           
1.0000000000000E+00 0.000000000000E+00  0.000000000000E+00  0.000000000000E+00  
0.000000000000E+00  1.0000000000000E+00 0.000000000000E+00  0.000000000000E+00  
0.000000000000E+00  0.000000000000E+00  1.0000000000000E+00 0.000000000000E+00  
-9.525864442600E+01 1.3096193323591E+02 2.2483387179274E+02 1.0000000000000E+00 
HIEROBJ  EHIEROBJECT48                                      NONE                
JFCTRIAD  HIEROBJECT9                                                           
1.0000000000000E+00 0.000000000000E+00  0.000000000000E+00  0.000000000000E+00  
0.000000000000E+00  1.0000000000000E+00 0.000000000000E+00  0.000000000000E+00  
0.000000000000E+00  0.000000000000E+00  1.0000000000000E+00 0.000000000000E+00  
-7.735750000002E+01 1.3747741696626E+02 2.2483387179274E+02 1.0000000000000E+00 
HIEROBJ  EHIEROBJECT49                                      NONE                
JFCTRIAD  HIEROBJECT9                                                           
1.5893079196705E-16 -2.659315913664E-16 1.0000000000000E+00 0.000000000000E+00  
9.7297350378152E-01 -2.309167835804E-01 -2.160435172497E-16 0.000000000000E+00  
2.3091678358037E-01 9.7297350378152E-01 2.2204460492503E-16 0.000000000000E+00  
0.000000000000E+00  0.000000000000E+00  0.000000000000E+00  1.0000000000000E+00 
HIEROBJ  EHIEROBJECT50                                      NONE                
JFCTRIAD  HIEROBJECT9                                                           
1.5893079196705E-16 -2.659315913664E-16 1.0000000000000E+00 0.000000000000E+00  
9.7297350378152E-01 -2.309167835804E-01 -2.160435172497E-16 0.000000000000E+00  
2.3091678358037E-01 9.7297350378152E-01 2.2204460492503E-16 0.000000000000E+00  
-7.914540575000E+01 1.5741704358000E+02 2.1133387295000E+02 1.0000000000000E+00 
HIEROBJ  EHIEROBJECT51                                      NONE                
JFCTRIAD  HIEROBJECT11                                                          
1.0000000000000E+00 0.000000000000E+00  0.000000000000E+00  0.000000000000E+00  
0.000000000000E+00  1.0000000000000E+00 0.000000000000E+00  0.000000000000E+00  
0.000000000000E+00  0.000000000000E+00  1.0000000000000E+00 0.000000000000E+00  
0.000000000000E+00  0.000000000000E+00  0.000000000000E+00  1.0000000000000E+00 
HIEROBJ  EHIEROBJECT52                                      NONE                
JFCTRIAD  HIEROBJECT11                                                          
1.0000000000000E+00 0.000000000000E+00  0.000000000000E+00  0.000000000000E+00  
0.000000000000E+00  1.0000000000000E+00 0.000000000000E+00  0.000000000000E+00  
0.000000000000E+00  0.000000000000E+00  1.0000000000000E+00 0.000000000000E+00  
1.0000000000000E+00 1.6300000000000E+02 2.1300000000000E+02 1.0000000000000E+00 
HIEROBJ  EHIEROBJECT53                                      NONE                
JFCTRIAD  HIEROBJECT13                                                          
1.0000000000000E+00 0.000000000000E+00  0.000000000000E+00  0.000000000000E+00  
0.000000000000E+00  1.0000000000000E+00 0.000000000000E+00  0.000000000000E+00  
0.000000000000E+00  0.000000000000E+00  1.0000000000000E+00 0.000000000000E+00  
1.2987511446206E+01 6.1436996871086E+01 2.2875887179274E+02 1.0000000000000E+00 
HIEROBJ  EHIEROBJECT54                                      NONE                
JFCTRIAD  HIEROBJECT13                                                          
1.0000000000000E+00 0.000000000000E+00  0.000000000000E+00  0.000000000000E+00  
0.000000000000E+00  1.0000000000000E+00 0.000000000000E+00  0.000000000000E+00  
0.000000000000E+00  0.000000000000E+00  1.0000000000000E+00 0.000000000000E+00  
1.2987511446206E+01 6.1436996871086E+01 2.2875887179274E+02 1.0000000000000E+00 
HIEROBJ  EHIEROBJECT55                                      NONE                
JFCTRIAD  HIEROBJECT13                                                          
1.0000000000000E+00 0.000000000000E+00  0.000000000000E+00  0.000000000000E+00  
0.000000000000E+00  1.0000000000000E+00 0.000000000000E+00  0.000000000000E+00  
0.000000000000E+00  0.000000000000E+00  1.0000000000000E+00 0.000000000000E+00  
7.7357500000024E+01 1.3796479948937E+02 2.2463387179175E+02 1.0000000000000E+00 
HIEROBJ  EHIEROBJECT56                                      NONE                
JFCTRIAD  HIEROBJECT13                                                          
7.6435269645035E-01 -6.447983835503E-01 0.000000000000E+00  0.000000000000E+00  
0.000000000000E+00  0.000000000000E+00  1.0000000000000E+00 0.000000000000E+00  
-6.447983835503E-01 -7.643526964504E-01 0.000000000000E+00  0.000000000000E+00  
0.000000000000E+00  0.000000000000E+00  0.000000000000E+00  1.0000000000000E+00 
HIEROBJ  EHIEROBJECT57                                      NONE                
JFCTRIAD  HIEROBJECT13                                                          
7.6435269645035E-01 -6.447983835503E-01 0.000000000000E+00  0.000000000000E+00  
0.000000000000E+00  0.000000000000E+00  1.0000000000000E+00 0.000000000000E+00  
-6.447983835503E-01 -7.643526964504E-01 0.000000000000E+00  0.000000000000E+00  
4.7261940900000E+01 1.0214491565000E+02 2.1128386673000E+02 1.0000000000000E+00 
HIEROBJ  EHIEROBJECT58                                      NONE                
JFCTRIAD  HIEROBJECT13                                                          
1.0000000000000E+00 0.000000000000E+00  0.000000000000E+00  0.000000000000E+00  
0.000000000000E+00  1.0000000000000E+00 0.000000000000E+00  0.000000000000E+00  
0.000000000000E+00  0.000000000000E+00  1.0000000000000E+00 0.000000000000E+00  
1.2987511446206E+01 6.1436996871086E+01 2.2875887179274E+02 1.0000000000000E+00 
HIEROBJ  EHIEROBJECT59                                      NONE                
JFCTRIAD  HIEROBJECT15                                                          
1.0000000000000E+00 0.000000000000E+00  0.000000000000E+00  0.000000000000E+00  
0.000000000000E+00  1.0000000000000E+00 0.000000000000E+00  0.000000000000E+00  
0.000000000000E+00  0.000000000000E+00  1.0000000000000E+00 0.000000000000E+00  
9.5258644425995E+01 1.3144931575902E+02 2.2463387179175E+02 1.0000000000000E+00 
HIEROBJ  EHIEROBJECT60                                      NONE                
JFCTRIAD  HIEROBJECT15                                                          
1.0000000000000E+00 0.000000000000E+00  0.000000000000E+00  0.000000000000E+00  
0.000000000000E+00  1.0000000000000E+00 0.000000000000E+00  0.000000000000E+00  
0.000000000000E+00  0.000000000000E+00  1.0000000000000E+00 0.000000000000E+00  
7.7357500000024E+01 1.3796479948937E+02 2.2463387179175E+02 1.0000000000000E+00 
HIEROBJ  EHIEROBJECT61                                      NONE                
JFCTRIAD  HIEROBJECT15                                                          
0.000000000000E+00  0.000000000000E+00  1.0000000000000E+00 0.000000000000E+00  
9.7297350378153E-01 2.3091678358036E-01 0.000000000000E+00  0.000000000000E+00  
-2.309167835804E-01 9.7297350378153E-01 0.000000000000E+00  0.000000000000E+00  
0.000000000000E+00  0.000000000000E+00  0.000000000000E+00  1.0000000000000E+00 
HIEROBJ  EHIEROBJECT62                                      NONE                
JFCTRIAD  HIEROBJECT15                                                          
0.000000000000E+00  0.000000000000E+00  1.0000000000000E+00 0.000000000000E+00  
9.7297350378153E-01 2.3091678358036E-01 0.000000000000E+00  0.000000000000E+00  
-2.309167835804E-01 9.7297350378153E-01 0.000000000000E+00  0.000000000000E+00  
7.9145405750000E+01 1.5790442610000E+02 2.1113387064000E+02 1.0000000000000E+00 
HIEROBJ  EHIEROBJECT63                                      NONE                
JFCTRIAD  HIEROBJECT17                                                          
1.0000000000000E+00 0.000000000000E+00  0.000000000000E+00  0.000000000000E+00  
0.000000000000E+00  1.0000000000000E+00 0.000000000000E+00  0.000000000000E+00  
0.000000000000E+00  0.000000000000E+00  1.0000000000000E+00 0.000000000000E+00  
6.2445709807339E+01 5.1426538601716E+01 2.2463387179174E+02 1.0000000000000E+00 
HIEROBJ  EHIEROBJECT64                                      NONE                
JFCTRIAD  HIEROBJECT17                                                          
1.0000000000000E+00 0.000000000000E+00  0.000000000000E+00  0.000000000000E+00  
0.000000000000E+00  1.0000000000000E+00 0.000000000000E+00  0.000000000000E+00  
0.000000000000E+00  0.000000000000E+00  1.0000000000000E+00 0.000000000000E+00  
9.5258644425995E+01 1.3144931575902E+02 2.2463387179175E+02 1.0000000000000E+00 
HIEROBJ  EHIEROBJECT65                                      NONE                
JFCTRIAD  HIEROBJECT17                                                          
8.9790579284936E-01 -4.401876353706E-01 1.8120251998849E-04 0.000000000000E+00  
-2.451537906398E-04 -8.842250847585E-05 9.9999996604054E-01 0.000000000000E+00  
-4.401876043997E-01 -8.979058067795E-01 -1.873087499826E-04 0.000000000000E+00  
0.000000000000E+00  0.000000000000E+00  0.000000000000E+00  1.0000000000000E+00 
HIEROBJ  EHIEROBJECT66                                      NONE                
JFCTRIAD  HIEROBJECT17                                                          
8.9790579284936E-01 -4.401876353706E-01 1.8120251998849E-04 0.000000000000E+00  
-2.451537906398E-04 -8.842250847585E-05 9.9999996604054E-01 0.000000000000E+00  
-4.401876043997E-01 -8.979058067795E-01 -1.873087499826E-04 0.000000000000E+00  
7.5993578070000E+01 8.6091864250000E+01 2.1113080755000E+02 1.0000000000000E+00 
HIEROBJ  EHIEROBJECT67                                      NONE                
JFCTRIAD  HIEROBJECT19                                                          
1.0000000000000E+00 0.000000000000E+00  0.000000000000E+00  0.000000000000E+00  
0.000000000000E+00  1.0000000000000E+00 0.000000000000E+00  0.000000000000E+00  
0.000000000000E+00  0.000000000000E+00  1.0000000000000E+00 0.000000000000E+00  
3.0888655872423E+01 5.4921513140731E+01 2.1603387179274E+02 1.0000000000000E+00 
HIEROBJ  EHIEROBJECT68                                      NONE                
JFCTRIAD  HIEROBJECT19                                                          
1.0000000000000E+00 0.000000000000E+00  0.000000000000E+00  0.000000000000E+00  
0.000000000000E+00  1.0000000000000E+00 0.000000000000E+00  0.000000000000E+00  
0.000000000000E+00  0.000000000000E+00  1.0000000000000E+00 0.000000000000E+00  
6.2445709807339E+01 5.1426538601716E+01 2.2463387179174E+02 1.0000000000000E+00 
HIEROBJ  EHIEROBJECT69                                      NONE                
JFCTRIAD  HIEROBJECT19                                                          
2.2384384394714E-16 0.000000000000E+00  1.0000000000000E+00 0.000000000000E+00  
1.2756508133060E-01 9.9183020221463E-01 0.000000000000E+00  0.000000000000E+00  
-9.918302022146E-01 1.2756508133060E-01 2.2204460492503E-16 0.000000000000E+00  
0.000000000000E+00  0.000000000000E+00  0.000000000000E+00  1.0000000000000E+00 
HIEROBJ  EHIEROBJECT70                                      NONE                
JFCTRIAD  HIEROBJECT19                                                          
2.2384384394714E-16 0.000000000000E+00  1.0000000000000E+00 0.000000000000E+00  
1.2756508133060E-01 9.9183020221463E-01 0.000000000000E+00  0.000000000000E+00  
-9.918302022146E-01 1.2756508133060E-01 2.2204460492503E-16 0.000000000000E+00  
5.3225868560000E+01 5.3935384950000E+01 2.1133387179000E+02 1.0000000000000E+00 
HIEROBJ  EHIEROBJECT71                                      NONE                
JFCTRIAD  HIEROBJECT21                                                          
1.0000000000000E+00 0.000000000000E+00  0.000000000000E+00  0.000000000000E+00  
0.000000000000E+00  1.0000000000000E+00 0.000000000000E+00  0.000000000000E+00  
0.000000000000E+00  0.000000000000E+00  1.0000000000000E+00 0.000000000000E+00  
0.000000000000E+00  0.000000000000E+00  0.000000000000E+00  1.0000000000000E+00 
NAMEMAP   WORLD               5    5    UTF8 UTF8 ELEMENT                       
WORLD                                                                           
WORLD                                                                           
NAMEMAP   HIEROBJECT1         14   14   UTF8 UTF8 ELEMENT                       
L001/L001_NCBF                                                                  
L001/L001_NCBF                                                                  
NAMEMAP   HIEROBJECT2         12   12   UTF8 UTF8 ELEMENT                       
L001/L001_cm                                                                    
L001/L001_cm                                                                    
NAMEMAP   HIEROBJECT3         14   14   UTF8 UTF8 ELEMENT                       
L002/L002_NCBF                                                                  
L002/L002_NCBF                                                                  
NAMEMAP   HIEROBJECT4         12   12   UTF8 UTF8 ELEMENT                       
L002/L002_cm                                                                    
L002/L002_cm                                                                    
NAMEMAP   HIEROBJECT5         14   14   UTF8 UTF8 ELEMENT                       
L003/L003_NCBF                                                                  
L003/L003_NCBF                                                                  
NAMEMAP   HIEROBJECT6         12   12   UTF8 UTF8 ELEMENT                       
L003/L003_cm                                                                    
L003/L003_cm                                                                    
NAMEMAP   HIEROBJECT7         14   14   UTF8 UTF8 ELEMENT                       
L004/L004_NCBF                                                                  
L004/L004_NCBF                                                                  
NAMEMAP   HIEROBJECT8         12   12   UTF8 UTF8 ELEMENT                       
L004/L004_cm                                                                    
L004/L004_cm                                                                    
NAMEMAP   HIEROBJECT9         14   14   UTF8 UTF8 ELEMENT                       
L005/L005_NCBF                                                                  
L005/L005_NCBF                                                                  
NAMEMAP   HIEROBJECT10        12   12   UTF8 UTF8 ELEMENT                       
L005/L005_cm                                                                    
L005/L005_cm                                                                    
NAMEMAP   HIEROBJECT11        14   14   UTF8 UTF8 ELEMENT                       
L006/L006_NCBF                                                                  
L006/L006_NCBF                                                                  
NAMEMAP   HIEROBJECT12        12   12   UTF8 UTF8 ELEMENT                       
L006/L006_cm                                                                    
L006/L006_cm                                                                    
NAMEMAP   HIEROBJECT13        14   14   UTF8 UTF8 ELEMENT                       
L007/L007_NCBF                                                                  
L007/L007_NCBF                                                                  
NAMEMAP   HIEROBJECT14        12   12   UTF8 UTF8 ELEMENT                       
L007/L007_cm                                                                    
L007/L007_cm                                                                    
NAMEMAP   HIEROBJECT15        14   14   UTF8 UTF8 ELEMENT                       
L008/L008_NCBF                                                                  
L008/L008_NCBF                                                                  
NAMEMAP   HIEROBJECT16        12   12   UTF8 UTF8 ELEMENT                       
L008/L008_cm                                                                    
L008/L008_cm                                                                    
NAMEMAP   HIEROBJECT17        14   14   UTF8 UTF8 ELEMENT                       
L009/L009_NCBF                                                                  
L009/L009_NCBF                                                                  
NAMEMAP   HIEROBJECT18        12   12   UTF8 UTF8 ELEMENT                       
L009/L009_cm                                                                    
L009/L009_cm                                                                    
NAMEMAP   HIEROBJECT19        14   14   UTF8 UTF8 ELEMENT                       
L010/L010_NCBF                                                                  
L010/L010_NCBF                                                                  
NAMEMAP   HIEROBJECT20        12   12   UTF8 UTF8 ELEMENT                       
